Principal_component_0,Principal_component_1
12.661186812097204,3.361755937867115
-1.7888599381630503,0.8377652848001266
0.21803909219769152,-1.0262069747616405
-0.6542479906752948,-0.46589748537855497
3.6022875501990748,2.8284932161990564
-0.6340447637905655,1.5843256944580526
-4.1697243852150745,0.4397123606934536
-2.4907905670459494,0.1078363552646874
-1.9563294481642401,0.929281562676301
0.010710645602135506,-0.4584041737816437
5.028141195653219,2.903144138490802
-1.5551306929863835,0.44425384868264783
2.046024710326067,2.134106394192279
-1.7472635349965184,0.3890155010117002
-1.6511789749032875,0.39453982857507247
3.2047647642846155,0.784334601631498
-1.1528162936580955,-0.3711459683256163
0.9438549988554411,-0.7931325825961447
-3.8272359478653786,0.06532895313005345
-3.6985098134891063,0.24641545749635765
-3.6093512258315315,0.3760886155165972
1.859420082331301,-1.3102090023548594
7.565640297653689,-1.902468826391491
4.16487423695442,-0.40156740280737785
5.983639241418186,-1.7887199358246526
-3.1739449211873603,0.08142272084232198
0.863937206095451,2.6920667572271495
4.428824900998854,-1.287262015479153
-0.6743081895363914,1.5242203435655102
-1.4247668627184504,0.2500136417176291
-3.958082860141845,0.3218007080198282
-4.7147467610721385,0.2882342055352008
-0.05730206009496706,-1.1984270932833139
4.870978031513322,-0.5810258736174597
0.019937275037266826,0.055073115689708727
-4.082460264674871,0.32797711893052633
-2.938927675778009,0.9995461479600039
-0.41124194522012875,1.7133274259652782
2.3924519682727827,1.373025867527843
-2.8018876078308876,-0.1630132887220942
-2.8713220459477444,-0.14982465834609615
2.351362115765693,-1.9183269700620709
3.721746394852678,1.905497636688251
2.4323360388073128,-1.3504126780896313
3.3484923826831072,1.5400839101919899
6.970837446806142,3.125303814345829
-1.8867915671584568,0.06092781827854205
1.2573903309667496,2.6776549420812605
-1.2882753849930253,-0.8723617671995063
-2.0165930834291346,-0.037693879086864994
-1.6794635744493305,-0.5970739634974288
-1.933308514897363,-1.1058696489002122
3.5418365347882554,-0.7929283919484622
-5.2118614188561105,0.8160146332334003
-2.8230853456934257,1.5339131310425225
-0.8461817268385795,1.1194213666439503
-3.3819010625112376,0.3288392094648454
1.4786808717580202,0.797497163965149
-1.3812541858634289,-0.5474764926514549
4.841064764903995,2.460157284934863
-5.019659424270192,0.7244996459136847
0.9941521995846961,-2.137349805146177
-0.8517601607674619,-0.6896368537567288
6.868615456619884,-2.8805782102972275
-0.11524280919242792,1.0097345776259397
4.774608602210489,0.46764397072608926
2.572844910021721,0.8278270780601575
4.970526373655026,3.4433079299546243
-3.0308408220411787,0.7181490666203185
-4.724999340883109,0.22422068364608655
0.11355361753743601,0.4939613380653716
-0.3911836594423,-0.2776725474845895
-2.3385871856747285,0.1327290639272719
-4.060681575576043,0.5217764592511416
-5.5746976230131855,0.7426817874103433
2.268358285696653,0.8752447386176
-1.4573689964935612,0.9396838678837527
-1.0672652398396343,0.7181875301077814
-3.159221602306659,0.6171820475480727
4.684306416720646,1.4771547066560973
-5.347134907757857,0.8611140164073189
-1.2862943694822908,0.9691078564350852
-3.0662657491974836,0.15843625658649643
-3.9427502110862926,-0.03987811223580427
-0.34687521968748153,-0.6566787872669955
-3.048179479601582,-0.0003255044498967711
-0.04615459479659506,-1.9385396214173816
-0.8626704088001664,-1.3171473835041838
-1.7165593749993109,-0.03647072945808417
-2.7492859650585912,1.3874907743751723
-5.903949079622389,0.2922570152164733
1.0590576423122602,-0.09972119223598495
-0.9684439278254706,-0.6478372794025553
1.4081364751615564,1.4005141988673826
-0.4260343414412815,-0.24324318112732685
-2.2113409267201924,0.6504357180383142
2.891743840993098,-0.7848593935544234
2.1172010149130225,-0.6473167560571345
-4.641830433509197,1.1125743071505252
0.9792892953520264,1.023603701181019
0.05769050765035512,0.7232514067437883
4.548680121316796,3.0596986897694722
-1.9006143935983233,0.4271927675051406
0.7264848830721465,0.24505139541927057
1.9473254026917355,1.099514637077705
-2.256321438312443,-0.29488078242756915
-3.056439829146265,0.146285910912764
-3.0088207476979827,0.35293493116001623
5.59489033263782,-0.3673576499089519
2.544563477396147,-0.7958650154487219
1.795518888985245,-0.7135656351933293
-2.671418397978284,-0.5971225750398308
0.6238287670397106,1.564117134136613
4.245254746054669,0.9621417272378892
-1.4609834006292801,-1.2113591082007564
-3.640126486371679,1.0539163188395124
0.1018954372356075,-2.077801734524825
-0.6965597485827225,0.8962821820064623
-0.7515343565753863,-0.9216385531573993
-0.41518542506221345,0.31871084210597184
0.7314097700411859,-1.0045467077119645
0.7651559106290107,-1.05842334563694
-1.015211227960805,0.82063439423669
-3.436292487638036,0.11316282144981875
-1.8242526702190551,-1.1988169960937791
0.22305968799024797,1.2684170597726214
-0.4521570129632802,1.0935918562644056
-1.5506631701553064,1.5652332869258943
6.783770069311554,0.2221851015624061
1.1618709376866814,-1.8837356094115614
-1.357981669830911,0.1760608612509607
6.364594023229277,-2.7641735048371134
-2.642538332433621,0.5606903314806712
-1.0458673578848205,1.1399073601726548
2.8048501520910314,-2.47151613000741
-2.064977048188862,0.711305800481115
-1.6224771080331388,-1.945905946434029
1.7217266765434462,-3.5903009079274084
-3.464884374350215,-0.4900493922014322
1.3948238836775264,0.0537938971665017
4.870842863034181,0.3476174523549549
-0.06255514330038364,0.672269159400539
0.6018079352096537,0.32468683208364163
-2.397468303446335,-1.2251318247271787
1.1510864637084761,0.47839764857235
5.95514877388353,-4.015157464827003
-0.156413391797659,0.03132337188592214
2.9971250727337835,-0.5545699339806932
3.189898781384073,-1.145234546778733
-0.31434865510751664,-1.9608369395058873
1.1047012351322187,-2.5940413707092294
2.3421719925084883,2.4517702282356915
-1.0180000460276568,0.4456976964492895
1.7513625131556863,-1.5098139141403022
-4.762551001733877,-0.7671129636197708
-1.133132947305824,-1.4397429983233625
0.7506207012294067,-0.5061535392203678
-2.075685457275855,-1.2144007134177393
3.1520217328574067,1.531163902728307
3.1275638356300717,1.6289602135074448
0.6951630749882911,1.763434162736313
3.2319084161625353,0.2880458496775527
1.6976837507904876,-0.480238255893326
-3.5953389813073566,0.8558400890016374
-0.8965318274319427,1.1984379068475997
2.7712030693811034,0.7650100265371459
1.6501737882394867,1.3266446127389848
6.649162566763805,-0.3935715606327677
-1.9479258678150322,0.04728894022635391
5.677738939886229,-1.5286137120497338
-2.1328393341189513,-3.0772761798571535
-0.9387838102844699,0.21394349314034986
-3.6478247705957116,-0.22511333767396832
-1.653741193570262,-1.546830090669137
4.5102613611807225,2.6692252788764774
2.4376734695162194,1.0012501194256698
-1.7550384203832068,-2.6666868062866604
-3.8557474805686134,1.288447370017709
-0.2939369744432974,-0.7879101065476283
-1.7789584287636613,-1.3828707627342773
0.10246096847827003,-0.6381871520574582
4.492091478254474,3.0319310807102595
-3.9010148096543604,-2.7092653270929294
-3.5320774529798245,0.3790794410760943
-0.781019382307253,0.5596998961482966
-2.082657866953944,0.1331169779171526
4.034562428761095,-0.09617370482870922
4.116077920349892,1.1119561276065701
5.352739540307343,2.699357326588733
-1.1739265021403338,1.1360353687369238
-1.575812123663653,0.7642256149509873
4.155538103880851,2.546582379913741
3.5687724685653626,1.528023222451781
0.9042353853232744,-1.1790516246749454
-3.7825320478906304,0.5864777220248278
0.960656338237482,0.9676670668761056
3.854445084017095,-0.9882107708438803
2.455690588290813,-1.3590904913628594
2.2405933334725185,-2.7350423026565682
-4.182282631146741,0.9283863707462752
-1.9602970445062124,0.1922180730659622
5.184121000624735,3.117642337856494
5.996874393408252,-3.5300019536768446
-1.6814436240777362,0.1690183975566643
-3.2183100552536246,-0.20354630359524717
-2.4808599139298377,-0.8371735942468753
7.042645175779152,-0.14994700194348623
0.4048163260694859,-0.972304486695003
0.7782963276748166,1.8509852661996
2.824708697356747,0.22180742616162719
-3.7040010258882727,0.45739246230750086
-2.838934618636607,-0.13200773408556313
-3.060444684101173,-1.3685260789195377
-2.3640443241691784,0.1570806540990902
12.220840479627613,-4.505750084661348
2.952008256930029,-0.6136854629664689
3.685973270184915,2.675563411865907
-0.8933951002685933,2.423554211438215
0.3106385165951248,0.3130251593813148
8.610756545789728,-2.9690909006437662
2.4418255274096285,-2.7050941696999127
1.328173290097525,-1.3828468709232749
-2.0713048583312283,0.8673243812848224
-3.4352438967187453,0.41784289377436556
3.052438885716907,-2.216313251415175
-0.4413214482784016,-1.0989265721119235
-1.8172043520521433,-0.6592936439987608
3.864592096490246,1.0089245438729577
6.7710972219383425,-2.2204034894036195
-1.0089651983083767,-1.1206271198736097
-4.613212052373827,0.05004317459751988
0.427981340569443,-2.2530077330422658
-1.3592507312368285,-0.36135311680633936
4.049510614557761,1.470736579487819
1.0966744079087531,0.6692040465450646
2.7313690213360116,-2.7268874500849534
-2.0307371482799987,-1.4317013365094562
-2.3700865585233615,0.236211851982756
-1.0961518404959365,0.6079567581232664
1.0028028703624834,0.5315938908716732
-1.62608494128501,-0.16312030300919217
4.265419583108882,-1.624199091146962
0.203902682308368,1.5905973057044047
0.9878656130406946,-0.5203830048281171
7.156239756895584,-3.9583888057515226
-0.47368913295465775,0.8133323797506699
-2.858066398944222,-0.22308225366174125
-0.029118612085299277,-1.0496810333234259
-0.8601812111247114,0.08340923637271845
6.187689757502996,-0.7319563687974231
1.7240394729817057,0.17932099257887774
4.547805888867677,-2.8547958722672075
-0.06410788129640314,-1.5831188545357262
-2.916322004508301,0.6909155579659917
-2.409187121641469,-0.45498011011351674
4.900947826006737,0.6251931615250317
-2.0688327969252636,0.599602036364201
1.825160244111021,0.0500755879430341
0.558850357264745,0.26446767347493433
-0.08440531943551605,0.3844238069941627
-0.2743960194705109,-1.094586642009726
5.266403568726099,-1.192688264296114
5.5899403036177455,-2.6416554534505114
-0.8567737225484784,0.7200095295861441
-3.5220087134986353,-1.064561693862944
-0.4459539571173096,-2.918593115237775
-2.4607780912860138,1.0805660282597076
1.9735768359974777,-1.7187166058480214
-1.8296393151196255,0.15187601455805766
2.5409148165020645,-0.6205809804148006
3.4400786405395154,-1.469441612653078
-2.003830263347482,0.42395532133226627
-0.7978514800779059,0.16553115189969245
-0.5361951118089603,0.5296236234366966
5.860622029824196,-2.868768869139718
3.067248175904531,-1.5312686849650958
2.7780235989714064,0.5805594200623337
-1.5332741368354157,1.9109629539945951
-1.783136331114682,0.8358020508173357
0.6106805831508713,0.15710592850593766
4.778667013938117,0.05210496313257196
-3.146852434643772,-0.630190861633922
-3.4659738572022025,0.06629998667280382
2.0694554700564844,1.6062640259085457
-0.6749042494927432,0.07006559669354528
6.557779640559266,-3.219884070862312
-0.6610032166400021,-1.6219856225198768
-2.550294678922364,0.49581737825417416
-2.8088335131702546,0.6739465355435159
-0.09073519806796078,-0.2888498626868788
-0.9406227649905946,1.7854065416622131
-1.46835002771721,-1.566889529630448
0.42242754165693325,1.9150656291235366
-0.2879122090896649,-1.630445003522871
-1.6164858011472427,0.30708508334681717
-3.0110489427701594,0.33657737196262477
-3.802075910130273,0.5685964989067802
-0.7578213983815059,-1.6147341412623786
-1.953866336317501,1.2345408980932817
3.860435551468325,0.04067697285877636
-3.233262123452896,-0.16798652483135065
1.9987619060213884,-0.254843827884821
5.991878029624173,-0.16008134351991837
-0.6806850548158178,1.6821039857528661
3.083248467070596,1.8514552380805838
4.143907737132724,0.3890459061130847
-2.601625295577245,-1.5617322635745932
0.5721982230964762,-2.743012697264
-4.086737564947964,-2.1182574326498322
2.2185003719678384,-2.406629838468841
-2.568571013587963,-0.43812805006574235
-0.686416442964466,-0.9164716439708733
-2.818864035038057,-2.544315194988027
-0.5385633261678022,-1.5171177039013257
-0.38589951534483147,-0.6153985467763283
-0.3542884943981733,-1.977233488334816
5.112967231699285,2.5943150153176564
1.8857511357981611,-1.2633892189678035
2.4343873745899325,-1.8411710537659876
1.7899395261137432,1.6269671678603375
-0.16324093602004822,1.5286539323166728
-3.5764539464790266,0.6530682957798772
4.615570313599493,-2.4062666293143757
0.16329965778877553,-0.6692004740779843
-3.017845086465438,2.1937569618277943
-0.5550967856793391,-1.685319797390328
-0.023600443507476122,1.426253087571123
-0.2855973345778253,-0.2004963610764499
-0.8983899088021966,0.8315288577235852
-3.625407681141839,1.3799114345851
5.003241574200318,-0.3329551019161064
0.09158736162522764,0.8552505836452817
-3.326971388893767,0.45189339621745006
-2.027000425699392,0.10372104329796063
-0.662416136919852,1.3814142758653996
-5.419978633053795,1.4985172274494793
-0.6180771025660405,-2.123374386946588
4.277064611185051,-0.5545548376072239
-2.1812829916020813,1.0549384489819733
-0.9870918811442649,-1.7879288527063744
0.373517284077658,-0.7027811076857575
3.8868646364496557,0.9518336526408647
-4.988482359157151,0.21918255862733324
-3.420246827207602,0.6825436619217025
-3.2760879922280197,-2.1248195630754796
-2.584464760147576,1.3473630529332947
-3.3313852685894427,0.2273028632344331
6.592360495405162,2.953804151424474
7.695939666791744,3.2291323589094434
-3.190382740918028,-0.344307360117321
1.2819893427438105,-1.4489700821426865
-0.2133445053926479,0.4314393935270949
2.5661017673954314,-2.676488404667865
-4.982571247852447,0.583928840113136
4.161529309291528,1.9994638220437364
1.2530927248736776,-0.9291845990040124
1.4923079794093599,-1.7876527642259963
-2.4431752023050084,-1.719049308766701
-1.0856322653126458,1.8356445464366689
2.0559802999757872,-0.2899718968288038
-3.2348537781581634,-0.5009711997930398
0.06785272435605234,-1.3434389160089848
-5.1913829991943565,0.13802413046948703
-3.235550771095831,0.2608028641555694
-3.102495561536434,1.28602063564664
0.12156484127023694,-0.9504401944952175
0.2174459124595159,-0.6011651693895277
-2.887842419539932,0.17771139801038685
0.1722913272039615,-1.4602992054381345
1.0215206201399643,0.44304713138442137
2.695892207984203,-2.355227117890218
-3.3218327104749217,-0.5934706559390359
1.7121843873125848,0.1917859075023301
-3.535140954549885,-0.15653175157119198
-2.8868544059119285,0.31528712002538106
-3.5797340903669377,1.0388755102895582
-0.5448186610473086,0.10606226680289473
-0.544371678723518,-0.5280556376524462
-3.762523339584676,1.164609123333597
-4.488112328265927,-0.7814467589427112
-0.2307734814777487,0.9057075236072462
-0.6248672709240541,-0.6029047373492867
-2.4739293454862388,0.863912821736408
-0.16746536752764127,-1.7235502844216162
4.414074874988307,3.0420689737255397
-0.09611491205065016,-1.2437769984124014
2.7717208967418774,-0.5448035927989588
-0.34474378288433793,-1.0653680310284979
1.543954479096208,-0.6473912416144715
4.026724136626108,-1.6404809106102645
9.933859995002075,2.510919821096866
1.08378875920928,1.0591437067491156
-3.751987337894518,0.32013763218552804
1.6739814929467727,1.787379945634698
0.3147247161279113,-1.9731122363537879
-1.3869071298918085,0.25388217608548114
2.6220574265679777,0.9199247749932346
1.2182537665930793,-0.21901547806321234
-0.20856609127020898,-0.4784300450192986
5.953900415797374,-2.011799094819982
-0.31148270753764035,0.023706633772019356
2.9824931892984536,0.23586478138555214
-4.018577157001831,0.28131515585214845
-3.1404660108860583,-0.04047414823481381
3.0543285246569134,-0.3005961809135933
-2.0564428768117637,-0.984604763790712
1.2387368127915976,1.3387507958772575
0.8676118468298982,0.13117481972068396
-2.604113939452547,-1.1455143706095265
-4.352766545147767,0.19684470881949154
-1.6222945837100082,-0.13334456944473994
-2.6374803732421914,0.7043082398537327
2.6948887891974853,-2.060935842217542
-1.4111945671527177,-0.872723223167777
1.8673484049203268,0.5598770261592053
0.49263691013460453,-0.7131997103748752
-1.8141434037168969,0.46585424619468174
5.1797632956738555,1.7869183795040369
-1.937155245662032,1.063666762752655
-1.7963650529265391,1.3009947178193764
10.211274161077382,0.8580478165284678
7.71983128488742,-1.52851859677211
-1.9843247710738863,1.0420128514926832
-0.6231929491986106,-0.8663908743191857
-3.1678321636951408,-1.3318592887803398
-1.8051157536623132,1.459340237484909
-0.5877185107992939,0.9471498253357596
-3.1416201259469605,0.0731425084643285
-4.416454915736939,0.8481410551265345
-2.323968304714469,-0.07492466982504188
2.4016123934014315,-0.4250255076613208
-4.854184544659227,-0.5896318359334294
-3.635905027774087,0.4995101517801701
2.269815955181438,-2.8181542932892616
1.6904159977010624,-1.820982409297891
1.0645659021973108,0.537702649889473
-2.4153202570874237,0.2414857795613025
-2.682301585235594,-0.42437490587488536
-2.9676849297784464,-0.8468631153845653
-0.06300846173528384,-0.3034384803428227
1.6036223966139789,-0.8744407155458748
2.2816379917085006,1.2437043570176491
1.7187502159438541,0.7793881995083877
2.0938062647460063,-3.210610444755043
-3.7968573493413977,0.9085544877116674
7.424956753508626,-1.2424477150608115
-4.633093855882644,-0.5138317140376379
-1.6884470571797756,0.021311521965045977
-1.0280601073905928,-1.5365019850980288
-3.538938830261734,0.036832826427937074
0.048790507714042385,-0.8964124131795388
-3.0374921379855415,-0.8564559916147287
2.315353298920665,-0.9868967674402023
-1.5562943394405124,0.20231660928615855
-1.458860830060099,1.4749775379041057
4.758648624671117,1.7415816517147762
3.9534462668351815,2.213714726410433
4.211771225354723,0.463292895578545
2.5038234766027756,-2.08735959467679
0.043425864219959955,-1.002948860980274
-2.9842248729180927,-1.0043601540273162
3.8515323593455153,-0.5773262236984876
2.009789708749449,-0.9371812702009977
2.048603552596352,-1.3149906161888671
-0.15576094638801063,-0.4583011648347487
-1.6978005377882908,0.7804943412374383
-1.0896304125194622,1.0845799103271898
-0.3235876788369828,0.27166724068836967
0.541347530128434,0.7225957032295439
2.5604603815276534,1.639592242652726
-0.7132637341741098,-0.45246743122942346
-1.107380377047944,-0.29216914613663536
0.11686591783496038,-0.3918261710667976
3.7941829866171544,-1.348538495899635
2.2100735955838635,-0.13425590687978137
-2.5682015336105772,0.1518839175645898
-0.30879444057398947,-0.5567472579146796
-1.5267734065489362,-1.4142294109892908
-0.5262820006056952,1.4896949034266935
0.7315021939257891,-1.6552837375182927
4.295112451731203,-3.115845353395737
0.7840927542862186,-0.4254665786993234
-2.2083438076221453,-0.9797704284238947
-5.380833905983086,1.0530004746546902
-3.5461161228044284,-1.866691743527946
-0.22707710259881916,-2.2178334789122798
-0.7858783190025594,1.2663671542957426
-1.1282734207534035,-0.6253726724382807
-2.945269054630428,0.1826170140198462
1.8606210777766812,0.5037252577796378
-4.653936435248284,0.5352719291089049
-0.22245248749334373,-0.6821275526055419
1.9041835730834888,1.7190317176246395
3.791038735684715,1.0726632577814832
-0.8646429032366396,0.3452279762307126
-0.004684394287627676,-0.6320436599885835
-0.16759182104619397,-0.9738912971708237
-0.13789626505647498,0.20367353208133146
-3.5994509582547383,-0.21410468036450292
4.354934819491318,1.0819271566782158
0.8518286142292132,-1.0845831980359526
-1.5623253665459769,-0.928038675009563
-1.185787740421477,1.0133462638120347
-1.7222477071355609,0.07562435883574427
-0.40935650772394894,0.18225699234273504
0.18892076180429446,1.0914195783616107
-1.2690893294945385,-0.22735076570639298
1.3852950648748197,1.2533402892232144
-2.941471801105835,0.23398786045213563
2.5707585650605926,0.3086586874997852
-1.071566649444368,1.1120191814497449
-0.139151683741193,-0.44811762984534026
2.873167172321206,0.4595983392768318
-2.8484693406632826,0.6001139588785116
-3.3229345490687994,0.08217612370689231
-0.3540713484312098,1.5917123046320594
-2.5337316316166247,1.3524016165803792
7.063857400892486,-1.5815802904022451
-4.8951692283516985,-0.44837236380128603
-0.10749207545808151,1.8936661556042553
-0.9462804107852952,0.10252562799308552
-0.8450869857486871,-1.0102787188136886
0.27513583037495254,-0.16712126491578533
-1.2691119793499128,-0.42381681556711637
0.5457342764455061,1.3246615284028231
-0.5349514278192349,0.3100449102078262
3.6618803796571093,2.121842205743556
-0.9184867947613158,-0.3074282835824854
-3.5679915238898166,1.4725362122202414
-2.3107666676005554,-0.2459457604161966
1.836491890388245,0.3113473880052372
3.6717782983034875,-0.7300785873229072
3.7937750756476576,-1.3809473236961152
4.951344007689626,1.1777086023506345
0.570451057332145,0.4726968182558419
0.5047573588721113,0.29009422515294947
-2.819252596593779,1.297244322539493
-2.0667228434711262,0.2558797726185396
-0.31212921404610466,-1.0781357489023806
-0.12703544700711225,-0.6453723907333467
-0.03582419453484364,1.7668796329658827
3.1861372105140413,-0.5442392718643394
-0.17874743144330105,-1.2335077814728963
-3.887852880722571,1.1958935311040053
-2.004316092510425,-0.9629360240415499
2.15510453057442,-2.884617575863368
-0.4443320828011828,0.9404733700583621
0.7579286720062868,1.6347006024159882
-1.7148067887211993,-0.2604181208114
-0.2083564086738782,0.10375744337045634
-0.1651172882965082,-0.6668655291924129
4.856261275389892,2.9405391620232044
-3.806444776321548,0.597689630738046
-0.7849312389854116,-0.8182653239042792
-1.3907903311478211,0.17394677112225318
-5.354926031151786,-0.789968840529462
-1.046866303890205,-0.26753293275917706
0.040170042895136635,-1.7199054383902121
-1.6755525493729835,-1.947604515292227
0.824842293830119,-0.49895977428285365
4.969335735770849,-1.8154179446992278
0.6421856412314946,-0.5038626873320406
-0.12265314331559149,0.9102302186114914
9.152135758786129,-1.1271426898149854
-0.9788561661196242,-1.4059796195474552
3.953463769801506,2.6068785440167797
-3.67986964961344,0.7054717564118336
1.0432405735369545,1.471312807519889
3.992250591912386,3.341753572780337
-2.344451865589505,0.07336661177412952
-1.1494722801968873,0.2661399971249956
3.069005961961035,-2.9103028800054287
-0.7207364349934429,1.073719810836624
0.49633554368913635,-0.9932309334968339
-1.4910712545846447,-0.7041803980943628
-2.1732187009664425,1.60486886234802
0.04109653051517516,-0.18329912226048778
-3.29258224711184,0.22944382073230865
-3.2989321885929175,0.6827847968583967
-3.2725295841154827,0.04292433369437477
-2.1025293910045693,-1.7921332641004564
-1.8453356784030666,-1.8073373236464505
-1.8762699435327803,0.11883893474875865
-1.912300604661828,1.059241426897503
-3.828003157194442,0.19137328589906036
3.265390872146956,-2.9116628559157127
-1.6482249399959665,0.11901442539917235
9.055055913884148,5.440189149717355
-2.9263865884988847,-0.5639160457950855
-2.18327366728087,0.7622459849832236
2.1975763532407044,-0.5611108451832073
1.838315157665998,-0.9936651676994543
-0.12281738560139514,0.7659141226096121
2.735615691158214,-1.4677471825741397
-4.080518591386178,-1.069811933759626
0.09018177566633612,0.5647461981216403
-3.303624046845546,0.5157712948113774
1.5494211528060942,-2.747567924381235
1.9118695883019499,0.8597436295301352
-0.19598538305346272,-0.06795752163085308
0.5979512588358137,2.2559577202852115
0.37725200531400416,1.3016917165357649
1.9513332558341447,3.1941179730571427
-2.866972935690785,-0.934742680094948
5.277352867599362,0.42452358865734613
-2.7855352265754183,0.15601908394713535
0.6482622485421092,-1.4627451380607237
0.12438357581257899,-2.0890559051549786
-1.6039774397138622,-0.21506675140526835
0.8091679513444303,0.8711231791888575
-0.6283812040387393,-3.0778333792051478
-0.07791252797084913,0.7177731374691814
-1.3606859767483257,-1.1079533598937872
1.8460137318532737,-1.8078116834650952
-1.0065875715917822,1.4628201064841504
0.19871897469230498,1.6485466397671273
1.6518588838211588,0.8659051966869038
1.5625295239358092,1.088018203671256
-1.9075752264367476,-0.4720429407346741
-4.902808503189403,0.33142338732650506
-0.5664796332645206,1.7203512565671844
-2.9000629601044414,0.09711306323562159
5.239570583796816,-1.1687306691577228
0.9530020078367806,-0.18827276484409003
-5.564910611013505,0.2809382251101119
8.580129224906134,1.7889944717922737
2.0211593043719076,-0.9606598706901246
-2.2721921894596124,0.03197487876632371
4.804631682142182,-3.4714135397892867
-3.8308672202893566,-0.719547184765772
2.7177803278540194,-0.9037510003777501
-5.335868276884732,0.5253397535548787
1.7227918471457353,0.6801207476655267
5.133090281222927,-3.036325174835874
2.669560891085644,0.5767068161639193
0.20137110251912937,0.8842326440143825
3.071471537147175,-4.171818859377963
1.658341613860174,0.0951530036884236
0.2333234191262583,0.9958025630739394
-3.584117577844343,0.846484187095786
-3.6784476966897834,0.540234445440287
-0.46529694672674643,0.4255704228567068
0.0649097117629584,1.657743284365968
-3.2332306624584883,0.7936240061015782
1.5606243418321415,-0.3019909185138564
7.332614322840773,5.318878657360799
-3.540326611779491,0.09482902300830064
3.1786931562161214,2.118674488964655
-1.7701266728194018,1.314428720834495
3.440564197490424,4.362404733715269
-4.077839253119468,-1.1265344349665944
-1.1165428891197136,1.3939895355812573
-1.8311942089852502,2.2406718081435546
-2.5932693800695152,0.025807777538459094
-2.662428737675961,-0.006840690332246453
4.876300289280698,0.14240179738923564
-5.246079445466865,-0.8001742662144187
-1.1060743404105668,-0.7804224016218099
2.7595784073026857,1.2652892270003842
-1.4531390250829324,-0.7884614551280285
-1.8312455629018702,-0.6406388409260774
0.0009732129124885187,0.23098238405771507
-1.1203828726619987,-1.5730521602130179
-1.6937647526449595,-0.44288733846352124
3.7153707022350035,-1.092628405885576
-3.1367102528513224,-1.0461379493174918
-3.6191785136724515,1.198670725868372
0.7226966249278041,1.3469950711310168
0.15059630843007984,-0.5417030971236796
1.1561255476218524,-0.6933558238588572
-3.592875315729566,0.4644740291332763
-2.280595300107811,-2.5330561748596736
2.6284440174125967,-0.5878556716639832
4.6006279451013885,0.0016988247773339733
-2.3406625769501126,-0.1831999352165379
-0.7817786065062925,0.9678645232423385
-0.2489709085299167,-0.897777290338151
0.6015055209848438,0.5783120980896994
-3.1253268086731043,1.1277344264280298
7.403052710059622,-3.185540368387916
-2.5303344871969036,0.029283773988574156
-5.043858260908315,0.7921776614099786
-0.2699343305523626,1.202892327611391
-0.7750765547367833,0.39326748107851756
-3.45221402462564,0.8099284223212782
-3.3954824072437204,0.4801955206045574
2.809897685116383,0.28404331252800635
-0.8239283481684586,-1.5887171153076693
1.070583307903526,-1.6979411135156217
0.4192920577797752,-0.5902486653871096
1.523566389356141,-3.319571691849745
-3.994518415318217,0.5558820041943174
-1.1386022858724965,-0.9515373536112828
-2.371562271118749,-0.8217403815968997
-1.102407803897295,0.41972418378837056
4.009094990636356,0.12904004314089418
-0.5851540396232663,-0.6873738027829664
-3.113784637300485,0.26200282122034363
3.6825074534992845,-1.7783652728538026
-1.1580497245184234,0.3032809997045791
-0.8263346772246589,-0.7336300653777652
-3.15420369696876,0.6736288883368993
3.7001703213806163,1.51210931473734
-0.5612926942937045,1.3098768685802031
0.6451434413319275,1.4849046697962742
-2.96250019542213,1.0049589525024343
-1.7285824247651524,-0.24766080579861327
0.5064496609927466,-0.9585889075619396
1.1814559873169936,-1.9409189539260587
0.4651157586040661,1.325986012261733
-4.400069845491325,-0.16820806020295137
-1.365774967785705,0.28134114812590055
1.773516402642587,-1.2743696371370896
-0.8538431163521153,0.5124894796909614
-4.301489356173981,0.5778394966046978
-0.3627872196962384,-1.5504615429832722
1.2209251752766213,0.27033343954630445
0.17546876463749128,0.06821102016318871
1.4181212413572541,1.3823621784974898
2.2610076245849076,0.40418870374784327
3.166592315465011,-2.418709830619603
-1.0509575834843616,1.191600404377573
-1.3443652751654067,1.3995543532530859
2.1999475594298668,1.0463518567886987
0.8716673933404003,0.5323079386935641
0.24639855785668674,0.813145719824851
2.0573902009883827,-1.4152954886034814
-0.5216875020959977,1.418826865515106
-0.5705113910983188,-0.2578694387148782
4.024232519762224,2.952741730042122
-0.983133945742564,0.48595138685516887
4.6295229162143645,2.319539115055255
1.249067747878062,-2.8587092340951576
-3.4608786971368177,-1.0607217253486407
-2.080719855356273,0.42089072045860443
1.9370870842180228,0.515267643792268
2.929654686570688,-0.34131720497431983
4.423613576792964,-1.7459518557155982
-1.073300052830078,-0.14792042284519513
0.24023667525323783,0.1617153410830263
-0.5873832661337974,0.3111550262746465
-5.053942686533454,0.4579454623804775
0.6062220534120049,-0.882731696420885
-0.19180637321504773,0.5724658107141801
-2.121514559308791,0.7739829521081909
8.750103951801727,3.7507800867242453
5.413555541281243,-1.9973672034569088
4.935673055435176,-1.6691034573887478
0.1279461992651996,0.026801928675841143
1.6194390013405748,1.9319288547632854
-0.7722260146336405,1.6885030539818229
-0.22432604101728768,0.2480808204591774
-2.1256240291465436,0.46029170373498973
-2.0917344734710346,1.292313184987762
0.6716694721337069,-0.6116291812097291
-3.5349495312360957,1.1108867229334447
-2.5924247187550575,1.4023569461903198
-1.1410282113989128,0.3455515954739475
7.300063833946688,3.0386121506680874
4.139203097154444,1.4768691745734792
-2.737459684233507,0.7867706229237685
-0.3177266951511887,1.4415249724702417
-0.4079181008725971,0.7593055691758749
-1.3724890137471397,0.9746465145564326
-4.268742711251864,0.9172874419238694
4.196657831864515,3.691498413277213
-1.4016696668410997,0.8964844483429498
1.9811276453086504,2.5552104379174008
-0.5327246449694516,0.3010068572187211
11.458173074097411,2.9220899956048525
2.1661255377156596,0.7550365226275902
0.08367059310690018,1.127278139818407
-1.6587107713886067,-0.8013703713226956
2.248451929236697,1.5413645526074546
-0.4679916089115757,-0.025340352794884946
-1.4797271175793119,-0.4606461443598442
-1.0134539179366793,-1.8336742850452126
-3.357714993537045,0.26245816267493566
0.7083635655783137,-2.491829497059291
1.4817951262681188,0.5141232146551286
1.5487576999319737,0.21733182196718845
-2.80862681171139,-0.3075148798974047
-2.832722542307485,-2.0994700242446824
0.34906279903559684,-1.0253027624068003
7.422393128748462,4.311048188682577
-1.1208986486938788,1.0458651964189856
-1.9628152912213974,0.7683845489673614
-3.468395302151806,-0.2636071329053484
0.37366433011426625,0.5983086752833038
-1.8210169457611347,-0.8659232620413474
0.6211209526248255,-1.2490650370751883
-2.6453101324889627,-1.8442635536251517
1.5394108898574295,-3.3036752729561543
2.2600560146010205,-1.4629670513870956
3.129829496904681,-1.3689175297353515
-1.1958851086847861,-0.714121990396132
3.085470237955362,-3.5791567043050483
-3.171506167789214,-0.5894251854423894
-3.165107096047918,-0.25768520951226837
3.288775711144298,-0.5046076637151653
1.0151381294613093,0.7015553175493772
0.3279235985325601,1.358746402096966
-0.368090881896171,-0.3658969291394003
-4.999271667930658,-0.4334368582693841
4.238241949580081,-2.8578402919521664
1.9384571149108043,0.7419800077615498
4.394661558901939,0.4687788747675883
5.569801442544105,-0.5790424311361989
-1.2502089847119122,0.46563031180173
-0.7310863532516194,-0.5260381799941816
-0.6672348971850619,1.0818417024423743
0.5593625227616196,0.8998238173288418
1.3778337469478392,0.034471171707955627
-0.09003486236017456,-2.1359238311914845
-1.6516321952601252,0.12447669191759908
-2.252150313395211,-0.02931754081496493
1.0945557793787506,-1.3139291830188315
2.6048325718916803,-0.5014372431675921
-1.72343021636491,0.7751459362171174
-3.582641318035038,0.4311232894923271
-0.6357130040875549,0.03283786181299152
-2.812222276347945,0.3344010140704147
2.2022017976087667,-2.030533006523629
-3.3960930952231156,-0.07553100477772173
-0.3022270479977349,-0.6210593869348822
3.210740134350215,-1.0401920932109638
-0.46332633947559393,0.7403372899374471
-0.3216105775930242,-1.838082328899514
0.4924416624105175,-0.4331778046575438
-3.3306567538791363,0.17037122481312414
-3.888331070661912,0.5218975315092216
-0.48586728844027655,0.47240236994357077
-1.5937553361347172,-1.3417188627250447
-0.8785806280165812,1.5456998870128775
0.2869475418736056,2.193616871246241
4.135028784645392,-0.005639276667602132
-0.28531016860722225,-0.9658887672593921
-2.8953856958838706,1.6847875437129247
5.315780963224712,1.1605665817995285
3.681747428235142,2.5661859592385547
1.8728666271937704,1.2407754319077933
1.2821876920737723,1.3925714440931098
-4.202379099970913,0.680954930762569
1.411716971534983,0.40593545141460585
-0.9363651073672384,0.3419884796795801
-0.8193921897411962,0.04309426643289038
-2.376355491004505,-0.9228916685066311
-1.168846319599867,-0.42678226358913135
0.6471830627764145,-0.7343278371648495
-2.8099364792727073,-0.3547438968156372
0.021921263805751157,0.195532977170434
-3.0711961052687724,0.22628059313909774
-0.2123329693566072,0.8919262699003667
-3.5222686592741144,0.12242402654036882
0.037501442124555306,0.8286186972012606
-0.36208106647667115,0.43779123563418615
7.621282477010597,1.2452257152577964
-2.3997253081380974,-1.2497093573983296
0.2615764139300209,-0.03408883475200067
-1.4729476645976594,0.5687603084868126
1.749988992381892,1.658262790638143
-3.5524406709584357,0.4253166664284359
3.8411709984407088,-1.0252085284577295
-2.792512490642027,0.9417452577518239
-0.1538868336688335,-1.092607988894012
0.18169755437716067,-0.48726835555506137
-1.0358952696105916,-0.9551874454530992
-2.539921649082978,-0.7002901592730061
-0.8434369635979942,-0.41352367933219575
-2.183945780686405,0.8272388469163873
-1.5035649795009365,0.2018368954093479
-0.19300490627150946,0.4485625273271902
-1.6636884122908226,-2.487472205213331
0.9985524939088991,0.27494877982887383
0.7362664197513598,0.49593359053768354
3.614225381384442,1.5928493510279167
1.035989603373868,-1.9173904102358517
0.3334132287026343,2.209738567648293
-4.352795949437377,-0.21259886307980916
6.909021519095573,2.9718467886160975
-0.6733196993677228,-1.3800129884303007
-4.411998969568866,0.6785280126867391
12.0140645001383,0.06692365475932287
-1.6337160037637943,-0.04028036177549304
4.0135830644591595,-1.5935436147472928
-0.17921959788589237,-0.9330101176823172
-4.441853864996253,0.21650151516735724
2.108263544016068,-2.15373189183426
-5.139945643821596,0.24650938059915614
-3.294715310687732,0.430145797081594
5.572411174314432,2.8567966102132485
-2.5943925911996804,-0.2833115593052316
2.825623019384673,1.5448854389559874
-3.071607120311347,-1.5293525946969508
0.13661831280092515,0.5677495625626179
-2.745799202184686,0.4619638310527185
-3.4327826271727533,0.45142058432438004
-1.1225913453270164,0.32149319485560957
-1.031645996287298,0.4442146568875737
-0.7603491765217718,0.39079445297278315
0.40904775362478457,1.0608031510241684
-3.1872464467784227,-0.3020255135110406
-4.155754320200586,0.5178894302326197
0.33791661569046794,-0.518777855891987
-1.3574529379571436,0.14385329276031802
0.10627950963011408,-1.7834566077413847
-2.6025421995449163,0.5453950197667956
0.7515131978958556,-1.0575825138949517
-0.9022339614731226,0.6256584745338986
0.6233813167532984,0.06296055839935656
-2.8804270129751117,0.5582256164980467
2.371646148720901,1.7093292416540011
-0.7965793830986444,-1.120009059940291
-3.8287918376320564,-0.8101446478857093
2.9860512159244457,0.6293074102372561
5.686944638087092,0.2732760890837696
-2.6797322909257,1.4500341984710525
-0.49983354231024535,-1.647405496388947
0.8141377042964137,-2.766841035962798
0.04613232055445614,-0.030683003530812717
-1.3204616599789412,-0.5717569497996768
4.152193772721492,-3.377792441732528
1.7850409737822979,0.49444482157259423
3.942289214899126,1.374784246309693
9.839570904409301,2.1091808496542623
-3.320403885580502,-0.23979037610011916
-2.023317987405185,0.11051388728140661
0.24571493176352677,0.8304497499668209
2.7928135022794796,0.6713897464046636
-1.6499812484337881,0.44648785266720986
-2.198060282445089,1.4985567467736924
-0.7098907984255994,-1.355067048199021
6.841111047881535,1.98893392727333
2.9426788504591364,1.862320667272601
1.5782243182499973,-0.2849060273212735
0.013264704492050493,0.330306598436729
-3.325322330252647,0.8468399459292149
2.142962646489331,-0.657696610127054
-0.5318171973863763,-1.0400528061318415
0.06959431025233814,1.6921311578144203
7.910945751130712,3.450553252320472
-2.9715781646063797,-0.002486472082943351
-1.4222211287040516,0.08793722884372408
0.5353412411675984,-1.4125164716566827
-4.54983091134044,0.19675710665670207
1.1402964141567549,1.918555903074001
-1.5041706940414492,1.171487270961406
1.860460627748109,-1.4780444565845527
-3.941605140240135,-0.29753241197805347
-1.7327028890960738,-0.201906301967374
-1.9674107787523945,1.7665465265000642
1.9413905262368731,0.10825562378946083
-2.4923020100503015,0.24154980659729905
-4.094996728264295,-0.09212362417269707
-1.3796696549388128,-1.053899404532581
-1.5996382218274865,0.3126436205011482
1.445385150729939,0.5819022075541779
1.7435607308440475,0.30351078376120816
-0.8721374130239625,-2.34495574817781
6.096950427157478,0.7505246769607312
3.0561219944382287,-0.5882852153641875
-5.695864511329759,1.2892558761610233
-3.7678834834341624,0.3512455891218596
-4.409928693595516,0.47982010641322714
2.164145709526115,2.0911395024754404
0.5288549575215769,1.7548473791137063
-2.6085363775784898,-0.14073701108324857
4.014474435222647,3.4333535058563878
0.8647213226840016,0.1305429113165873
-4.648029106132308,0.7645169964739692
2.5737180151974663,-1.6340527999710532
0.0802766132180003,0.32486778391752547
-3.93171970974955,-0.2176083803861463
0.6314845328084633,0.2490838492868831
-1.2507366534012216,-2.8817579364259727
-2.341132602221907,-0.275676514216884
0.8270144084714279,-1.3704783065117159
-2.7057540095122183,1.2084243817932911
-0.25849685367199426,-1.1769974181295555
-3.0311634248203725,0.35136186724291063
0.6153604516621181,1.3785957006952323
-0.29485588346625613,-1.7077563585171665
-0.5311318225507482,0.016906837220502076
-1.5363690920896071,-0.2400871138641331
3.800981326171112,-0.1301846975897509
-2.9464675128950297,0.20433487932234212
-2.4111776455921796,-0.15018700240471106
0.09172865317823409,-0.27628292512868724
4.214779396849956,0.1295810923786015
-3.0928261066794835,0.885563875289475
-1.3874087839917055,1.3307252675969987
0.07014041114105195,-1.655028089404404
-0.9295177905992872,-0.0578029975627916
-1.2054202839958732,0.5715741834586875
-1.367584399708348,-0.2753072867579896
-1.2390888673068476,0.6609699759024322
0.9117058510346171,-1.0679340335004954
-1.1134181732860062,-0.23707179024467726
-1.2038349754862019,1.3837010359111241
6.252534286756552,-3.0892799977550496
-0.32889385334871435,-1.0426855586645547
5.975781664450845,2.3003773341667046
2.070292648240491,-2.384629764310658
-1.4450846523727812,-0.9423029774217077
-0.9564648856834101,-0.3365398598031612
-2.81535271412426,-0.8338188409164615
0.746461567422583,-0.8977731660831358
-1.0799898995839121,0.5055335660789502
0.8951973484737654,-0.46329725664025984
0.9175921860502124,-0.6725367267903737
-3.7197655031838104,1.0297552051674865
-1.786902194278019,0.7041485218837076
-2.110045016963463,1.9164366150854075
-3.9175118117325933,-0.022995420950871082
6.419031202824556,1.2294507594575186
10.025446199762401,3.505473877678373
2.044752952321229,-0.3060861755478109
-0.2672722045075968,-1.2758307671031013
0.2742520589028475,1.222316592184083
-1.6685623300684467,-2.041070440087002
0.29275118184354243,1.7412946855681846
-2.539163800552785,0.35834720327491143
0.8369161462664597,1.2224536825207204
-1.4064887410612534,1.5412320588068475
0.7653658561620706,-0.7816049901885341
0.509747511943197,0.3853670186618736
0.5737347178642719,-1.0611842408303291
-1.7693146813174598,-0.07076621144306451
-1.5460474843181564,1.59993671218048
-3.922616608465766,-0.1034461427011654
-3.5238809855785735,1.561422152813372
-2.179945228691074,0.3009017032168941
11.083602701793788,-0.384726759248468
-0.0034276455609167054,1.2844914846363986
0.41966895795260234,0.6280439626739355
-1.5343767383321159,-0.20718753751433272
4.33123613750987,-2.4894960070566663
-0.408342385853892,-2.9428262009781037
-0.9399509604215543,0.023964297718251624
1.3991445197075116,1.7617643873489701
0.026484867026980954,-0.18755245791593714
2.256021444903664,0.06283186513374558
-0.7362341736747902,0.21338015051724707
1.6949202559367302,-0.21815030528295162
12.8959326791044,2.652223767298644
-0.9992834470640524,0.35274412729507787
5.554890865170302,-2.9116719320187743
-4.546969446292854,-0.2880776269721716
-4.8269505749806845,1.5840160744516447
-4.519907937019239,0.7269473577477749
-1.202388550415749,0.41870849607635324
0.1002779366400862,-0.26099150072365135
5.5601329024020645,1.9434266468719468
-4.267209745349854,0.9079806172343398
1.6058672253490196,2.093252718816117
-3.503926392077664,1.1604668430549365
-1.6614881492205824,-0.0015081910321770359
-1.8219860030194077,-1.0816810958396745
0.2529509455354492,0.00908184492141425
2.480380482863981,-0.4277933795751256
7.959878935641136,4.033659076693621
-3.7544543315654026,-0.06365041575525449
3.779424030121623,-0.8347798974975489
-1.953202031068166,0.5864824577851453
-2.5625626896961036,0.03306337572932695
-2.304498292162043,-1.0986450308970463
2.1834626307886795,-0.7926498759811674
0.2390295211344731,-0.474729974073605
-2.991478688886114,-0.5268845121368279
-0.7464589808137146,0.7168685748526819
-2.7784148121371985,0.6156731587614398
3.6873738820786603,2.6291007718614057
-0.8437065691799188,-0.5750320383936776
2.5511126595660447,-2.6862037661066895
-0.11714693268898087,1.9046738035388384
-0.4722039365836906,-0.5676558668956382
0.6282183295519109,-0.21550190444230846
3.6758412168627492,-2.0153969857310625
1.3469121873153083,-2.1232285076051496
-1.745838066037968,-2.857219400963524
0.14522652873376687,-0.5591005655466695
-4.714222137795546,0.48375101721650693
3.9620741946554525,-1.8787510177706583
-2.38910117589772,1.333843713830829
0.5735144267936211,-2.7247261009488883
-2.5691618310887336,-1.617897870555224
0.024343488701915068,-1.2509090195074022
0.8992324640034625,1.3650959638991818
-1.1631389519358075,-0.18440852572871524
3.7218158194342728,2.5151869434113356
-4.569540913560137,-0.10683897722430495
7.99011369918001,-0.3117949292395158
5.537069120078069,1.2413497145445862
-2.4447472705372237,1.6015010954294315
-6.66536187647487,1.1793080787022028
4.517818074772869,2.2766669131957173
5.33507595786381,-2.107322093393094
-2.439092434857709,0.490286636777935
-0.884516932922918,0.02595952798553629
0.4048046055803832,0.31196927629996063
1.8685634628800427,1.6653064129724857
-0.6111613542455064,-1.0000435709366704
5.972267551811831,-0.7377636359628641
1.3421201058211099,1.4067211038798422
-2.82119920128706,0.515414854862107
1.5673665069472351,0.6971148451741522
4.813177153255916,1.7927032209437688
-2.0187206385944267,-1.5718595188629565
-3.247611603529006,0.6121270913926152
-1.7366279135806824,-0.7172726607645982
1.6736490753741953,-2.9695917058113728
-0.8487686788127567,-0.3996364006774606
0.4226300649274978,-2.036177989894521
-2.410147206477356,0.851420155067786
-5.783592248398294,-0.07227412484314769
0.13175030718989322,-0.9732979517195675
6.268555933989824,2.4263665935044116
-3.4947520506441414,-1.4167884971624551
-0.8698678191029656,0.3589213506119254
-1.2869233158031526,0.28589758053235315
-2.875382863386341,-2.0177109823906996
0.27934991388530206,-1.3652487440165388
-2.4611111993974637,-0.05117864685376568
10.334975410578304,-3.3899872248774363
2.4626566276416173,1.183330226800948
-1.4915737176287212,0.6154286711661179
-0.06114003280692633,1.6351182150598393
-4.054423073177149,0.29185409586734745
-4.41871245939534,0.8922677381137927
-3.821295725816806,0.33655590525377105
1.1593818282603616,-1.6053264757925114
-3.869060337271986,0.9518864680237551
-3.348506680820522,-0.047625900014293
-2.827027466679108,-0.02461190151674729
0.20003935995058508,-0.2339143000182363
-4.231340779101709,0.579902704592084
-0.10628159679657838,1.0770665703338733
7.173182252907714,3.818143785407951
-1.6979746658909807,-1.2498737669670845
7.129645136283339,1.4218786481593757
-2.247414439670761,0.6130803986677921
-2.171000114884364,-0.017595541998449094
0.7330042060209563,-2.2193683587071296
0.3588361081918272,-0.6572674621517949
-1.2306728181788078,-0.1595273680830838
-2.9916663922601647,0.5971605677240889
3.2691497892519714,0.8197257684532239
2.0131971305194645,-1.0078477737254432
-5.335116265888181,0.8961805651912441
-4.222735452006985,0.22421557912054016
-3.4238592290157106,0.7203106764197579
-0.9200357936289586,-0.23772694397295355
1.0889224907375903,-1.4728285994434762
1.375798103617665,-1.1901800955210542
-0.9777493428600409,-0.5773429243538692
3.1915287372840693,-3.1522758800751216
-2.098417836618053,-2.268681516906539
-1.9348794632179556,-1.8613238055756756
-3.00215050192024,0.5305165757052861
-0.6946590533563077,-1.0251367793125252
0.9836511617516915,-0.928814257166954
0.013259809898352458,2.343284416623962
-0.9476677448549288,0.40015347693074016
-3.1200483446199536,-0.6647616482841038
1.6564086472330166,-0.2547802383847279
-4.281910827944294,-0.17124910007937946
-1.7008786234995126,-0.4927711945231597
-3.1067286613127525,0.16740568636675077
-1.7035690238068077,-1.123695270527869
-3.004357621565444,0.375012004787846
1.1176815285853894,1.749299985982152
-2.99869865070685,0.2268319421726104
-0.765735290257458,-3.069344146744616
-3.236273407671153,0.7473891242983942
-0.6225867482563012,0.5897611504916183
-3.1820544817476635,-0.16383460241872325
-3.6929827653699916,-0.3562705300662148
-2.087736804197851,-0.49644664284198475
2.7463303627975804,0.5267545008252075
-2.559144506411587,-0.010881650264994151
-5.417398958583747,1.0466179659184474
-1.2385619652779363,0.13720798728105751
-0.3011420667617624,-0.5397053469875377
0.24245574836162972,-0.5443403320126922
2.509906831747496,-0.09333191935768773
1.371988582133059,2.6251001487093535
2.9094416722077017,-1.5421861535095363
4.358794288951743,-0.7947300540757718
-2.1669625820281757,-0.5955642255950567
-4.85156743768354,0.1480884122314264
-0.5658982650182353,0.25139210195364736
2.3854807537222826,2.113983803747149
-3.1009793912467423,0.7337668580151547
-4.681044160160042,-0.10057709996021555
1.037738246810331,3.6436411349166304
0.7496414009974851,-1.4886010380018784
1.1444951285892286,2.3420174979581474
4.122273582661981,-2.7232052179409822
2.8333374345118694,1.4040388255061729
2.0600649338057746,2.4841725300513335
3.3742349671623675,-2.749968184156709
0.9626744037774152,-1.9738700057301342
0.5473400827207384,-1.3835658164900684
2.0389084918830425,-1.7666735153728275
-2.5154975284898686,0.027549205828757438
-0.6822886899328133,0.6306278124499933
-3.623101122089495,0.3659528473281926
-5.2265491779595745,1.0099092941631103
1.968002653022543,1.2312753133694514
4.873625151346549,1.713800811343202
0.3872814471336299,-0.3968521228613603
0.9351975179026265,-1.6361440623063002
4.40187916647498,-2.817921562563917
-2.6936599861464745,0.28268517393535353
-2.952670681224469,0.5943591574340016
-0.8241499825787396,2.096389562963792
0.6592622320723489,0.7663796203685742
2.4845613823785686,0.8190986267779302
1.791585623903418,-1.241638524583868
-3.2511277135870444,0.19013927615570012
-0.0031359733373225204,-1.3227272192083062
-0.8084157353236848,0.31350153604552083
-3.0349061296827387,0.44296008850986424
0.24970508960437468,0.8878088558611493
-0.21574529465469117,1.163403932226652
-3.2448861080293945,0.21150392634664622
-1.3484494827469644,0.8175390357875416
-3.8948752872319,-0.34460241214683884
2.1543946882232605,-0.5189989552295258
4.931216365966174,-3.4240165272871206
4.129594712834015,-2.1072167701261515
-1.8038339359241706,-1.4971887901121468
3.6849366639250163,-1.9005761593243116
-2.2833345448484974,0.9594922529158478
-3.8516610245255256,0.5512110724801419
6.010315030388747,0.3781212056514922
-0.4084405752428759,0.49974959469856334
-3.420207994084893,0.2546067381099068
0.7045745391930177,0.18150801668526798
-2.653335187913754,1.5679613867474376
-2.353665545960471,-0.7304175075294647
-2.761557718438754,0.94990438048015
2.0479072229068676,-1.0914973053293282
-6.934981307130925,0.76470774082001
-2.363499894221371,-1.3993275137030845
-3.337511710418358,0.33042338903381013
9.101520220823359,-3.938224226338556
0.3886197417230399,1.3317121146126298
-0.8001460543330108,-0.2991394026104172
-4.19998067809934,0.9892293775654073
0.9277200041017015,-0.4422260634384858
-4.467729013829449,0.1907440564121767
3.96563428745792,-2.2813820546755474
2.8059956989822963,-0.4705764043026631
-1.9126083480865028,-0.8484075368125972
1.3934956845973643,-1.5447687433008972
4.236025446237925,-2.4991405433814817
-1.0311690029938922,-0.3232524515255092
-2.2234316942609094,0.6257609720443071
-5.0593174129903105,0.4604808360217869
-0.2587365589469756,-0.8156017379549365
3.1173426812023313,-2.074367519207819
8.140914306225705,-2.5179535700645204
-1.0982001911879962,-0.0314764722575944
0.19077643993903126,1.1280383313350935
2.074583502192475,-3.03612515335564
-2.7852035198637703,-0.5501723094489621
-2.332598978043746,-0.3234861350410852
-2.2248404422439743,-0.4679992246032861
3.030286776193081,1.2885074854926588
-3.844301732432976,-0.10284477481352301
-2.601618039619992,-0.09402884491183643
-2.9546252649211966,0.2129936813375057
3.2818726189673924,1.3162480149147038
-1.8740402493139454,-0.4422576269524864
-4.411972998016337,-0.10904445237843592
-4.637162895492564,0.6518008111431786
-0.9897047793673666,-1.911083309015442
0.6453732337488469,-0.7936705260811584
3.5602341402502473,1.6776936353028387
3.0452310674454197,-0.5925140886062089
-1.0278736056665616,0.8914446139593389
-2.4989075214235124,1.794667537152174
6.287134498223979,-1.8376082922486698
2.9547607108293947,1.4191069853908012
0.6978208385931074,-3.6281268819674475
-3.714842680671983,0.2668129597307607
2.8073241053652374,0.9799146158314594
-1.931631028435626,0.7200442105599066
2.5564379629302567,1.428751356903134
-2.8730971838679205,0.17077267255383557
1.4024027769285174,-0.5432355493769305
-3.239358926245896,-1.656507841642706
-0.6293586904290671,1.6324292590478606
-1.6449660228713419,-0.3858886090495296
-2.817414499100728,0.632096801228031
7.193055377483824,1.7399378342357659
4.12320321032641,0.757797970710416
1.0719853988413095,-1.4463085770852147
2.7826748257632317,-0.6224644774054174
-1.8614000085110627,0.9560186914275397
10.403966533187118,1.5323634739490772
-3.0222736235380445,0.20322208943322848
0.16693118309314353,-2.1205132635394968
1.5005422394844325,-0.8098943873454219
-0.61033286032436,-2.17279854385878
-2.4672593247554864,0.2015414734166994
0.294927590355393,-0.23599727359331227
3.023445753555975,0.6869007139027064
-3.4446352832488976,0.4919887509438927
0.22108029128675855,0.45278056697986274
-3.322622355346175,1.0325598348982359
-1.0519684697859013,-0.6033936666439993
0.415936423343561,-2.6617826994398555
-0.7060647909892845,-0.8838760177338252
-2.292032809239951,0.7190111218676664
-1.8664310946142368,0.26452696650776725
-0.4152737064379525,-2.8687149270511156
1.009187877457346,-2.315693479961369
-3.8259119531649457,-0.07618506851677288
2.7601747518536257,0.506256243338424
-0.006155006024173988,-0.9467193219831979
-0.6781565140319482,0.8873930747696548
3.9351659795769893,3.0389940021485313
-0.4309094407893288,0.045087623077955975
10.815764784167936,2.7253527130354014
-3.671163793864,-0.5895366383349564
-1.6762912749569576,1.9665127551663222
3.0957781375937086,2.0301154266356285
-2.2714926085738183,-2.4354083711524948
4.166865138007474,0.6991046557700832
-2.7385235076062644,-0.0603875814470713
-0.6968180996801925,0.9216039411001107
1.3455448339263096,-1.7130932036062982
-0.7703534345088725,-0.01816315763113466
0.30583825413250704,1.8110394949491158
0.24136388660827682,-0.9246893013303014
-2.128251773811066,0.7528477171430225
1.046243115422533,-1.8460783762293747
1.70896364663412,1.6749827484631807
